


ARM Macro Assembler    Page 1 


    1 00000000         
    2 00000000                 IF               :DEF: __AARCH64
    3 00000000         
    4 00000000                 area             VECTORS, code, readonly
    5 00000000         
    6 00000000                 import           Synchronous_Handler
    7 00000000                 import           SError_Handler
    8 00000000                 import           IRQ_Handler
    9 00000000                 export           __vectors_start
   10 00000000         
   11 00000000         __vectors_start
   12 00000000         
   13 00000000 14000100        b                SYNC_EXC0
   14 00000004 00000000 
              00000000 
              00000000 
              00000000 
              00000000 
              00000000 
              00000000 
              00000000 
              00000000 
              00000000 
              00000000 
              00000000 
              00000000 
              00000000 
              00000000 
              00000000 
              00000000 
              00000000 
              00000000 
              00000000 
              00000000 
              00000000 
              00000000 
              00000000 
              00000000 
              00000000 
              00000000 
              00000000 
              00000000 
              00000000 
              00000000         align            0x80
   15 00000080 140000E2        b                SERR_EXC0
   16 00000084 00000000 
              00000000 
              00000000 
              00000000 
              00000000 
              00000000 
              00000000 
              00000000 
              00000000 
              00000000 
              00000000 
              00000000 
              00000000 
              00000000 



ARM Macro Assembler    Page 2 


              00000000 
              00000000 
              00000000 
              00000000 
              00000000 
              00000000 
              00000000 
              00000000 
              00000000 
              00000000 
              00000000 
              00000000 
              00000000 
              00000000 
              00000000 
              00000000 
              00000000         align            0x80
   17 00000100 140000C4        b                IRQ_EXC0
   18 00000104 00000000 
              00000000 
              00000000 
              00000000 
              00000000 
              00000000 
              00000000 
              00000000 
              00000000 
              00000000 
              00000000 
              00000000 
              00000000 
              00000000 
              00000000 
              00000000 
              00000000 
              00000000 
              00000000 
              00000000 
              00000000 
              00000000 
              00000000 
              00000000 
              00000000 
              00000000 
              00000000 
              00000000 
              00000000 
              00000000 
              00000000         align            0x80
   19 00000180 140000A6        b                FIQ_EXC0
   20 00000184 00000000 
              00000000 
              00000000 
              00000000 
              00000000 
              00000000 
              00000000 
              00000000 
              00000000 



ARM Macro Assembler    Page 3 


              00000000 
              00000000 
              00000000 
              00000000 
              00000000 
              00000000 
              00000000 
              00000000 
              00000000 
              00000000 
              00000000 
              00000000 
              00000000 
              00000000 
              00000000 
              00000000 
              00000000 
              00000000 
              00000000 
              00000000 
              00000000 
              00000000         align            0x80
   21 00000200 14000088        b                SYNC_EXCx
   22 00000204 00000000 
              00000000 
              00000000 
              00000000 
              00000000 
              00000000 
              00000000 
              00000000 
              00000000 
              00000000 
              00000000 
              00000000 
              00000000 
              00000000 
              00000000 
              00000000 
              00000000 
              00000000 
              00000000 
              00000000 
              00000000 
              00000000 
              00000000 
              00000000 
              00000000 
              00000000 
              00000000 
              00000000 
              00000000 
              00000000 
              00000000         align            0x80
   23 00000280 1400006A        b                SERR_EXCx
   24 00000284 00000000 
              00000000 
              00000000 
              00000000 



ARM Macro Assembler    Page 4 


              00000000 
              00000000 
              00000000 
              00000000 
              00000000 
              00000000 
              00000000 
              00000000 
              00000000 
              00000000 
              00000000 
              00000000 
              00000000 
              00000000 
              00000000 
              00000000 
              00000000 
              00000000 
              00000000 
              00000000 
              00000000 
              00000000 
              00000000 
              00000000 
              00000000 
              00000000 
              00000000         align            0x80
   25 00000300 1400004C        b                IRQ_EXCx
   26 00000304 00000000 
              00000000 
              00000000 
              00000000 
              00000000 
              00000000 
              00000000 
              00000000 
              00000000 
              00000000 
              00000000 
              00000000 
              00000000 
              00000000 
              00000000 
              00000000 
              00000000 
              00000000 
              00000000 
              00000000 
              00000000 
              00000000 
              00000000 
              00000000 
              00000000 
              00000000 
              00000000 
              00000000 
              00000000 
              00000000 
              00000000         align            0x80



ARM Macro Assembler    Page 5 


   27 00000380 1400002E        b                FIQ_EXCx
   28 00000384 00000000 
              00000000 
              00000000 
              00000000 
              00000000 
              00000000 
              00000000 
              00000000 
              00000000 
              00000000 
              00000000 
              00000000 
              00000000 
              00000000 
              00000000 
              00000000 
              00000000 
              00000000 
              00000000 
              00000000 
              00000000 
              00000000 
              00000000 
              00000000 
              00000000 
              00000000 
              00000000 
              00000000 
              00000000 
              00000000 
              00000000         align            0x80
   29 00000400         
   30 00000400         SYNC_EXC0
   31 00000400 94000000        bl               Synchronous_Handler
   32 00000404 D69F03E0        eret
   33 00000408         
   34 00000408         SERR_EXC0
   35 00000408 94000000        bl               SError_Handler
   36 0000040C D69F03E0        eret
   37 00000410         
   38 00000410         IRQ_EXC0
   39 00000410 94000000        bl               IRQ_Handler
   40 00000414 D69F03E0        eret
   41 00000418         
   42 00000418         FIQ_EXC0
   43 00000418 14000000        b                FIQ_EXC0
   44 0000041C D69F03E0        eret
   45 00000420         
   46 00000420         SYNC_EXCx
   47 00000420 94000000        bl               Synchronous_Handler
   48 00000424 D69F03E0        eret
   49 00000428         
   50 00000428         SERR_EXCx
   51 00000428 94000000        bl               SError_Handler
   52 0000042C D69F03E0        eret
   53 00000430         
   54 00000430         IRQ_EXCx
   55 00000430 94000000        bl               IRQ_Handler



ARM Macro Assembler    Page 6 


   56 00000434 D69F03E0        eret
   57 00000438         
   58 00000438         FIQ_EXCx
   59 00000438 14000000        b                FIQ_EXCx
   60 0000043C D69F03E0        eret
   61 00000440         
   62 00000440         __vectors_end
   63 00000440         
   64 00000440                 ENDIF
   65 00000440         
   66 00000440                 end
Command Line: --cpu=8.2-A.64 -m -I/design01/rcarv3ufed_master/common_rvc/rcarv3
u/VNET1/MASTER_TM/I2C_V3U_RTL/ct/i2c0/full_check -I/design01/rcarv3ufed_master/
common_rvc/rcarv3u/VNET1/MASTER_TM/I2C_V3U_RTL/ct/include --predefine="__AARCH6
4 SETL {TRUE}" --predefine="__USE_DDR SETL {TRUE}" --list=vectors_ca76.list /de
sign01/rcarv3ufed_master/common_rvc/rcarv3u/VNET1/MASTER_TM/I2C_V3U_RTL/ct/incl
ude/rcar_v3u/startup/vectors_ca76.s
